$ 1 0.000005 173.42552219524063 65 5 43 5e-11
R 592 -64 528 -64 4 5 100 3 0 0 0.3
R 592 176 528 176 4 5 101 3 0 0 0.3
f 704 -16 704 -64 41 1.5 1
r 656 -64 656 -16 0 12000
w 656 -16 704 -16 0
w 656 -64 688 -64 0
w 592 -64 656 -64 0
c 592 -64 592 -16 0 1e-7 2.9750426704614714 0.001
w 592 -16 656 -16 0
R 848 48 896 48 0 0 40 3 0 0 0.5
g 704 96 704 112 0 0
w 720 -64 752 -64 0
r 752 -64 752 -32 0 10000
g 752 -32 752 -16 0 0
w 752 48 752 80 0
r 752 80 704 80 0 12000
w 704 64 704 80 0
w 704 80 704 96 0
f 752 48 704 48 32 1.5 1
r 704 -16 704 32 0 100
w 752 -64 848 -64 0
f 800 96 800 48 33 1.5 1
w 784 48 752 48 0
w 784 288 752 288 0
f 800 336 800 288 33 1.5 1
w 752 176 800 176 0
r 704 224 704 272 0 100
f 752 288 704 288 32 1.5 1
w 704 320 704 336 0
w 704 304 704 320 0
r 752 320 704 320 0 12000
w 752 288 752 320 0
g 752 208 752 224 0 0
r 752 176 752 208 0 10000
w 720 176 752 176 0
g 704 336 704 352 0 0
R 816 288 864 288 0 0 40 3 0 0 0.5
w 592 224 656 224 0
c 592 176 592 224 0 1e-7 0.0021216528643801524 0.001
w 592 176 656 176 0
w 656 176 688 176 0
w 656 224 704 224 0
r 656 176 656 224 0 12000
f 704 224 704 176 41 1.5 1
w 800 176 800 96 0
w 800 176 944 176 0
w 848 -64 848 -128 0
w 848 -128 416 -128 0
w 416 -128 416 400 0
w 416 400 800 400 0
w 800 400 800 336 0
w 816 48 848 48 0
d 560 -96 592 -96 2 default
d 560 144 592 144 2 default
f 944 400 1008 400 40 1.5 1
w 1040 592 1040 528 0
r 1136 592 1040 592 0 100000
w 1136 512 1136 592 0
w 1040 448 1008 448 0
g 928 544 928 560 0 0
r 928 496 928 544 0 10000
w 896 496 928 496 0
g 1008 384 1008 368 0 0
w 1008 448 1008 416 0
w 944 320 944 400 0
w 1040 496 1040 448 0
r 960 528 1040 528 0 100000
w 960 496 960 528 0
r 960 496 1040 496 0 100000
a 1040 512 1136 512 9 3 -3 1000000 2.9796469050769043 2.9796765000179595 100000
w 928 496 960 496 0
g 880 640 880 656 0 0
w 880 608 880 640 0
r 832 640 880 640 0 10000
w 832 592 832 640 0
r 784 592 832 592 0 100
w 880 544 880 576 0
f 832 592 880 592 32 1.5 1
w 832 544 880 544 0
f 880 544 880 496 41 1.5 1
w 832 496 864 496 0
r 832 496 832 544 0 10000
R 784 592 720 592 4 5 101 3 0 0 0.3
R 832 496 720 496 4 5 100 3 0 0 0.3
w 944 176 944 320 0
w 1136 512 1168 512 0
d 1168 512 1200 512 2 default
d 1168 720 1168 512 2 default
f 1344 464 1344 416 41 1.5 1
r 1200 512 1248 512 0 100
f 1296 512 1344 512 32 1.5 1
w 1344 464 1344 496 0
w 1344 464 1296 464 0
r 1296 464 1296 416 0 10000
w 1296 416 1328 416 0
R 1296 416 1248 416 0 0 40 3 0 0 0.5
c 1248 512 1248 560 0 2.2e-7 2.555902807711332 0.001
g 1248 560 1248 576 0 0
w 1248 512 1296 512 0
w 1296 512 1296 560 0
r 1296 560 1344 560 0 10000
w 1344 528 1344 560 0
g 1344 560 1344 576 0 0
w 1360 416 1392 416 0
w 1360 624 1392 624 0
g 1344 768 1344 784 0 0
w 1344 736 1344 768 0
r 1296 768 1344 768 0 10000
w 1296 720 1296 768 0
w 1248 720 1296 720 0
g 1248 768 1248 784 0 0
c 1248 720 1248 768 0 2.2e-7 0.0011829268479532867 0.001
R 1296 624 1248 624 0 0 40 -3 0 0 0.5
w 1296 624 1328 624 0
r 1296 672 1296 624 0 10000
w 1344 672 1296 672 0
w 1344 672 1344 704 0
r 1200 720 1248 720 0 100
w 1168 720 1200 720 0
f 1344 672 1344 624 32 1.5 1
f 1296 720 1344 720 41 1.5 1
a 1488 512 1616 512 8 15 -15 1000000 1.489159626597816 1.489189409790348 100000
r 1392 416 1456 416 0 100000
r 1392 624 1456 624 0 100000
w 1456 416 1456 528 0
w 1456 528 1456 624 0
w 1456 528 1488 528 0
r 1488 528 1488 624 0 100000
g 1488 624 1488 640 0 0
w 1616 512 1616 448 0
r 1616 448 1488 448 0 100000
r 1488 448 1488 368 0 100000
g 1488 368 1488 352 0 0
w 1488 448 1488 496 0
w 1616 512 1664 512 0
R 1456 336 1328 336 0 0 40 0.15 0 0 0.5
r 1456 256 1456 336 0 100000
o 83 8 0 4098 5 0.1 0 4 83 3 82 0 82 3
o 85 8 0 4098 5 0.1 1 4 85 3 134 0 134 3
