$ 1 0.000005 4.621633621589249 50 5 43 5e-11
f 560 208 560 160 41 1.5 0.02
w 512 160 544 160 0
r 512 160 512 208 0 10000
w 512 208 560 208 0
r 480 304 544 304 0 100
w 576 160 608 160 0
207 480 160 480 112 4 PRE
207 480 304 480 256 4 POST
207 560 -160 512 -160 4 PRE
f 576 -112 576 -160 41 1.5 1
w 592 -160 640 -160 0
r 640 -160 640 -112 0 10000
g 704 -112 704 -128 0 0
207 560 -48 512 -48 4 POST
g 640 0 656 0 0 0
r 640 -48 640 0 0 10000
w 592 -48 640 -48 0
f 576 0 576 -48 41 1.5 1
d 592 -48 592 -112 2 default
w 576 -112 592 -112 0
r 592 -112 640 -112 0 10000
w 592 -160 592 -192 0
w 592 -192 432 -192 0
w 432 -192 432 64 0
d 592 64 592 0 2 default
w 576 0 592 0 0
r 592 0 640 0 0 10000
w 432 64 592 64 0
r 640 192 704 192 0 100000
w 640 192 640 160 0
r 640 160 704 160 0 100000
w 704 224 704 192 0
r 704 224 784 224 0 33000
a 704 176 784 176 9 3.3 -3.3 1000000 0.5068519280909843 0.5068552657337517 100000
f 640 -48 704 -48 40 1.5 1
w 704 112 704 160 0
w 784 176 784 224 0
w 640 -112 704 -112 0
w 704 -112 704 -64 0
r 512 208 512 256 0 100
f 544 304 544 256 40 1.5 0.02
w 512 256 528 256 0
g 640 256 656 256 0 0
w 608 160 608 176 0
r 608 176 608 240 0 10000
w 608 240 608 256 0
w 608 256 640 256 0
w 560 256 608 256 0
r 544 304 608 304 0 10000
w 608 256 608 304 0
w 512 160 512 128 0
r 512 128 608 128 0 20000
w 608 128 608 160 0
w 608 160 640 160 0
R 480 160 448 160 4 5 200 3.3 0 0 0.4
w 480 160 512 160 0
R 480 304 448 304 4 5 201 3.3 0 0 0.4
r 704 112 784 112 0 100000
g 784 112 800 112 0 0
w 704 -32 704 112 0
a 896 192 976 192 9 3.3 -3.3 1000000 0.33375942629520144 0.3337642767446462 100000
w 784 176 896 176 0
w 976 240 976 192 0
174 976 240 960 336 1 100000 0.3119 Resistance
g 976 336 976 352 0 0
w 976 192 1024 192 0
w 960 288 896 288 0
w 896 288 896 208 0
x 375 121 388 124 4 24 1
423 400 112 422 123 0
b 424 105 487 198 0
b 425 240 488 333 0
423 397 244 419 255 0
x 377 244 390 247 4 24 2
x 596 96 609 99 4 24 3
423 592 96 579 114 0
b 400 -224 726 75 0
b 624 80 836 244 0
x 791 -63 804 -60 4 24 4
423 784 -64 735 -63 0
423 797 -56 800 62 0
x 808 162 821 165 4 24 5
423 800 160 759 127 0
423 800 160 760 211 0
x 1011 314 1024 317 4 24 6
423 1008 304 987 294 0
x 1016 156 1029 159 4 24 7
423 1024 160 1022 186 0
o 6 8 0 4354 5 0.00625 0 4 6 3 7 0 7 3
o 53 8 0 4098 5 0.1 1 2 53 3
o 65 8 0 4098 2.5 0.1 2 2 65 3
