$ 1 0.000005 2.008553692318767 50 5 43 5e-11
r -240 336 -288 336 0 100000
w -240 240 -240 288 0
R -288 288 -320 288 4 5 200 1 0 0 0.2
r -288 288 -240 288 0 100000
r -288 240 -240 240 0 100000
R -288 240 -320 240 4 5 200 2 0 3.141592653589793 0.2
w -240 240 -208 240 0
c -208 272 -208 320 4 2.2000000000000002e-8 0.2804005667542035 0.001 0
g -208 320 -208 336 0 0
w 176 208 192 208 0
g 176 208 176 192 0 0
w 176 240 192 240 0
w 176 224 176 240 0
w 160 224 176 224 0
w 112 272 160 272 0
w 96 224 112 224 0
w -96 240 -80 240 0
w -96 224 -96 240 0
w -128 224 -96 224 0
w -80 176 -80 208 0
a -80 224 0 224 8 3.3 0 1000000 1.1 0.841225963483706 100000
154 192 224 288 224 0 2 0 3.3
r 160 224 160 272 0 220000.00000000003
w 112 224 160 224 0
g 112 272 112 288 0 0
c 112 224 112 272 4 1e-8 0.40834257922815803 0.001 0
d 16 224 48 224 2 default
g -32 176 -16 176 0 0
r -80 176 -32 176 0 150000
r -32 144 -80 144 0 300000
R -32 144 16 144 0 0 40 3.3 0 0 0.5
w 288 224 336 224 0
g -240 80 -240 64 0 0
w 288 96 0 96 0
w 288 224 288 96 0
f -192 96 -240 96 40 2 0.074
w -80 144 -80 176 0
r 0 96 -48 96 0 10000
c -64 48 -64 80 4 1e-8 -6.664203507365685e-13 0.001 0
g -64 48 -64 32 0 0
w -64 80 -64 96 0
w -64 96 -48 96 0
w -240 288 -240 336 0
g -288 336 -304 336 0 0
a -208 224 -128 224 8 3.3 0 1000000 0.28040865449456864 0.2804005667542035 100000
w -128 224 -128 176 0
r -128 176 -208 176 0 200000
w -208 176 -208 208 0
w -208 176 -208 144 0
r -208 144 -160 144 0 100000
g -160 144 -144 144 0 0
w -240 240 -240 192 0
r -240 192 -240 112 0 100
w -208 240 -208 272 0
423 -400 208 -345 240 0
423 -400 208 -346 278 0
423 -176 367 -130 230 0
423 0 240 0 309 0
423 288 238 288 310 0
423 288 310 0 309 0
423 64 328 64 310 0
s -192 96 -64 96 0 0 false
423 -128 0 -127 72 0
r 48 224 96 224 0 100
w 0 224 16 224 0
x -410 199 -397 202 4 24 1
x -189 391 -176 394 4 24 2
x 23 124 36 127 4 24 3
423 16 112 -80 112 0
423 -80 112 -80 136 0
x 58 354 71 357 4 24 4
r 336 224 336 304 0 1e-9
w 336 224 416 224 0
x -134 -10 -121 -7 4 24 5
423 336 314 337 386 0
x 331 415 344 418 4 24 6
x 409 214 422 217 4 24 7
o 5 4 0 4098 2.5 0.00009765625 0 4 5 3 2 0 2 3 1
o 18 4 0 4099 1.25 0.00009765625 1 2 18 3 2
o 64 4 0 4098 5 0.0125 2 2 64 3 3
o 34 4 0 4098 5 0.1 3 2 34 3 4
