$ 1 0.000005 3.5993318835628396 80 5 43 5e-11
R -1216 -16 -1248 -16 4 5 200 3.3 0 0 0.6
d -1120 -16 -1168 -16 2 default
154 -1104 -64 -1008 -64 0 2 0 3.3
r -1216 -16 -1168 -16 0 100
w -1168 -16 -1168 -48 0
r -1168 -48 -1120 -48 0 300000
w -1120 -48 -1120 -16 0
c -1120 -16 -1120 32 4 1e-8 1.8316969402755277 0.001 0
g -1120 32 -1120 48 0 0
w -1120 -48 -1104 -48 0
w -1168 -48 -1168 -80 0
w -1168 -80 -1104 -80 0
w -1008 -64 -976 -64 0
w -768 -64 -736 -64 0
w -928 -80 -864 -80 0
w -928 -48 -928 -80 0
w -880 -48 -864 -48 0
g -880 32 -880 48 0 0
c -880 -16 -880 32 4 1e-8 2.553231880762247 0.001 0
w -880 -48 -880 -16 0
r -928 -48 -880 -48 0 120000
w -928 -16 -928 -48 0
r -976 -16 -928 -16 0 100
154 -864 -64 -768 -64 0 2 3.3 3.3
d -928 -16 -880 -16 2 default
w -976 -64 -976 -16 0
w -736 -64 -736 -16 0
d -688 -16 -640 -16 2 default
154 -624 -64 -528 -64 0 2 0 3.3
r -736 -16 -688 -16 0 100
w -688 -16 -688 -48 0
r -688 -48 -640 -48 0 390000
w -640 -48 -640 -16 0
c -640 -16 -640 32 4 1e-8 3.4561364802274097 0.001 0
g -640 32 -640 48 0 0
w -640 -48 -624 -48 0
w -688 -48 -688 -80 0
w -688 -80 -624 -80 0
w -528 -64 -496 -64 0
x -1325 -49 -1204 -46 4 12 Вход\sсхемы\sзадержки
o 0 8 0 4355 5 0.00625 0 2 0 3
o 12 8 0 4098 5 0.1 1 2 12 3
o 13 8 0 4098 5 0.1 2 2 13 3
o 38 8 0 4098 5 0.1 3 2 38 3
